360 9.09204E-4
362 7.85221E-4
364 7.02566E-4
366 9.09204E-4
368 7.43894E-4
370 7.43894E-4
372 8.26549E-4
374 6.61239E-4
376 7.43894E-4
378 8.26549E-4
380 7.02566E-4
382 6.19912E-4
384 5.78584E-4
386 4.54602E-4
388 5.37257E-4
390 5.37257E-4
392 5.78584E-4
394 4.95929E-4
396 5.78584E-4
398 7.43894E-4
400 8.26549E-4
402 9.91858E-4
404 0.0012
406 0.00112
408 0.00116
410 0.00132
412 0.00141
414 0.00145
416 0.00145
418 0.00161
420 0.00165
422 0.00157
424 0.00157
426 0.00153
428 0.00145
430 0.00149
432 0.00141
434 0.00136
436 0.00149
438 0.00136
440 0.00141
442 0.00145
444 0.00128
446 0.00107
448 0.00132
450 0.00153
452 0.00153
454 0.00153
456 0.00145
458 0.00157
460 0.00161
462 0.00153
464 0.00136
466 0.00136
468 0.00149
470 0.00153
472 0.00141
474 0.00157
476 0.00161
478 0.00169
480 0.00169
482 0.00169
484 0.00169
486 0.00153
488 0.00149
490 0.00145
492 0.00141
494 0.00141
496 0.00145
498 0.00149
500 0.00153
502 0.00149
504 0.00149
506 0.00145
508 0.00153
510 0.00161
512 0.0019
514 0.00198
516 0.00198
518 0.00223
520 0.00256
522 0.00302
524 0.00339
526 0.00409
528 0.00475
530 0.00554
532 0.00682
534 0.00831
536 0.01004
538 0.01182
540 0.01418
542 0.01694
544 0.01992
546 0.0238
548 0.02839
550 0.03438
552 0.04162
554 0.05042
556 0.0624
558 0.07732
560 0.09571
562 0.1182
564 0.14725
566 0.18201
568 0.22205
570 0.26879
572 0.32215
574 0.38174
576 0.44663
578 0.51234
580 0.58011
582 0.64913
584 0.71484
586 0.77601
588 0.83138
590 0.88222
592 0.92272
594 0.95454
596 0.97644
598 0.99463
600 0.99959
602 0.99711
604 0.9876
606 0.97355
608 0.9533
610 0.92892
612 0.90164
614 0.87312
616 0.84296
618 0.81113
620 0.77931
622 0.74997
624 0.72021
626 0.6917
628 0.66483
630 0.64004
632 0.61648
634 0.59416
636 0.57267
638 0.55118
640 0.53052
642 0.51068
644 0.49209
646 0.47349
648 0.45572
650 0.43753
652 0.41935
654 0.40034
656 0.38215
658 0.36347
660 0.34479
662 0.32649
664 0.30909
666 0.29206
668 0.27458
670 0.25809
672 0.24267
674 0.22788
676 0.21354
678 0.1999
680 0.18709
682 0.17523
684 0.16382
686 0.15291
688 0.14299
690 0.13345
692 0.12493
694 0.11646
696 0.1089
698 0.10175
700 0.0953
702 0.08968
704 0.08485
706 0.08059
708 0.0765
710 0.07257
712 0.06873
714 0.06521
716 0.06195
718 0.05856
720 0.05538
722 0.05232
724 0.04947
726 0.04666
728 0.04368
730 0.04075
732 0.03806
734 0.03579
736 0.03335
738 0.0312
740 0.02918
742 0.02715
744 0.02517
746 0.02356
748 0.02182
750 0.02021
752 0.0188
754 0.01752
756 0.01637
758 0.01517
760 0.01405
762 0.01327
764 0.01232
766 0.01141
768 0.01066
770 0.00996
772 0.00938
774 0.00872
776 0.00818
778 0.00765
780 0.00719
782 0.00694
784 0.00665
786 0.00624
788 0.00599
790 0.00566
792 0.0055
794 0.00546
796 0.00512
798 0.00492
800 0.00488
